7 Fev/20 299 89
35 Mai/24 947 87
7 Jan/07 4 52
7 Out/21 934 92
35 Fev/27 127 40
14 Dez/11 504 57
16 Jan/14 18 41
30 Set/16 601 48
27 Ago/14 990 79
6 Dez/23 978 92
14 Dez/29 969 22
5 Abr/20 954 69
8 Dez/16 522 21
9 Jan/20 374 4
18 Mai/17 464 74
19 Mar/20 429 52
15 Jan/07 939 89
1 Out/20 988 77
37 Set/14 143 44
20 Jun/26 615 64
2 Dez/08 573 19
28 Jul/10 552 30
24 Mar/05 83 53
32 Nov/27 12 100
28 Jul/14 206 41
3 Out/08 627 36
3 Out/29 982 68
12 Fev/16 448 98
14 Dez/29 35 78
37 Ago/07 938 37
8 Jul/04 678 11
6 Out/11 569 60
6 Abr/26 426 84
35 Jul/09 652 87
15 Jan/26 595 47
3 Ago/24 513 83
21 Jan/29 535 4
35 Nov/08 213 1
2 Fev/21 156 88
35 Mai/06 294 42
7 Set/27 329 2
23 Ago/27 743 75
17 Out/14 953 44
17 Out/25 596 86
36 Out/12 788 44
38 Dez/24 830 41
37 Out/00 584 75
22 Fev/00 416 1
27 Dez/29 727 86
40 Ago/23 193 39
39 Dez/08 250 75
29 Jan/17 588 74
28 Jul/05 886 85
4 Out/03 831 92
16 Mar/05 780 12
22 Mai/17 16 41
4 Ago/10 639 71
11 Out/01 565 80
24 Fev/10 889 39
38 Jun/04 917 81
19 Nov/07 350 23
12 Nov/16 298 4
34 Fev/17 997 24
19 Jul/04 18 20
38 Ago/21 971 35
8 Jan/15 606 78
20 Jun/07 306 21
34 Ago/11 689 80
31 Ago/23 889 8
14 Jun/18 716 88
33 Jan/02 813 63
2 Set/21 937 50
3 Ago/16 880 47
15 Abr/22 606 49
8 Jan/17 415 11
9 Ago/27 587 20
9 Out/13 450 75
8 Nov/05 255 12
5 Dez/20 815 13
28 Set/14 239 9
32 Mai/11 983 91
5 Mai/17 616 23
21 Dez/28 508 86
33 Jul/07 783 94
23 Abr/26 970 47
10 Abr/06 222 11
5 Ago/05 189 23
39 Jun/27 97 68
4 Mar/00 187 85
10 Mai/12 808 79
18 Jul/16 931 33
18 Mai/18 599 83
16 Abr/26 741 48
26 Set/19 420 20
7 Fev/17 476 46
26 Mar/10 368 39
7 Fev/29 976 75
4 Jan/00 457 20
20 Mai/08 912 8
19 Ago/10 422 55
10 Mai/17 551 64
23 Abr/29 900 45
28 Jan/09 621 11
20 Ago/23 960 8
7 Nov/10 393 71
36 Out/26 925 69
28 Jan/09 613 14
26 Set/18 832 37
30 Mar/28 578 86
17 Jan/07 481 42
17 Jul/28 733 94
28 Jun/26 44 71
36 Mar/19 401 61
24 Set/09 328 49
24 Jan/08 118 33
39 Jan/04 815 20
2 Jan/06 145 46
22 Out/06 575 42
14 Nov/03 901 23
2 Fev/28 111 70
4 Mar/21 27 40
14 Jul/15 909 47
40 Fev/12 253 5
24 Mar/09 54 95
29 Out/14 240 54
6 Out/01 863 31
9 Abr/26 650 75
3 Out/01 492 72
23 Abr/26 329 50
15 Set/08 934 91
17 Set/05 573 52
6 Ago/14 521 60
13 Nov/03 32 69
39 Jan/17 502 16
3 Fev/29 829 59
32 Jun/21 949 33
20 Dez/23 774 20
16 Ago/04 446 11
20 Fev/18 650 29
5 Mai/04 386 20
27 Jun/11 934 38
16 Out/27 493 2
25 Mar/17 834 76
7 Jul/00 590 67
33 Out/22 831 67
33 Set/20 250 22
39 Abr/00 199 88
23 Set/01 452 28
5 Abr/06 116 1
25 Jul/20 281 18
19 Out/05 589 31
23 Fev/02 530 58
13 Set/16 485 67
25 Dez/07 498 87
2 Out/26 686 20
1 Mai/14 299 57
34 Set/01 29 55
16 Mar/07 267 36
31 Mar/00 439 61
15 Mai/04 572 24
24 Ago/07 68 26
23 Ago/17 452 21
18 Jun/18 530 15
27 Jun/15 409 64
9 Jul/04 997 34
29 Fev/29 408 94
38 Abr/07 836 87
22 Jul/02 31 24
1 Fev/29 239 20
18 Set/16 761 67
40 Ago/04 783 49
19 Dez/11 153 33
33 Fev/24 125 6
14 Out/20 354 80
37 Set/07 695 34
35 Nov/17 790 62
22 Fev/24 736 33
1 Ago/16 220 28
3 Abr/09 415 40
1 Set/07 311 15
40 Dez/12 202 84
34 Jul/11 420 92
12 Mar/14 843 51
6 Set/20 747 24
6 Mar/28 739 86
19 Mai/29 897 44
40 Jul/20 910 64
28 Jun/20 661 25
15 Mai/07 678 53
17 Nov/08 657 15
34 Dez/04 611 3
36 Mar/29 946 81
1 Jan/25 619 50
38 Mar/00 507 21
16 Dez/19 478 15
26 Ago/15 430 86
12 Jul/26 188 55
1 Fev/20 588 90
29 Abr/21 890 87
38 Abr/10 790 33
6 Mai/21 922 18
10 Set/06 844 9
25 Dez/20 114 17
35 Jun/22 654 93
6 Jul/18 376 14
17 Jun/24 48 84
13 Dez/04 811 57
10 Mar/26 634 35
35 Ago/28 732 99
31 Fev/05 464 5
2 Mai/23 654 28
30 Mai/16 159 56
28 Jan/10 108 47
25 Fev/14 920 97
26 Fev/24 105 35
15 Nov/26 465 76
23 Mar/20 116 33
18 Set/17 505 88
35 Set/11 989 4
1 Fev/04 852 8
29 Out/29 66 32
31 Jun/07 440 32
32 Jan/13 623 18
36 Dez/00 566 17
18 Mar/06 485 55
11 Dez/06 747 55
17 Dez/27 657 79
36 Set/03 8 94
8 Set/24 503 12
3 Jan/00 161 28
17 Jan/01 624 39
17 Ago/27 659 93
19 Out/10 345 3
25 Dez/26 57 98
22 Jan/02 901 93
38 Ago/14 559 95
4 Jan/26 294 71
19 Abr/18 176 35
10 Ago/27 759 19
11 Fev/27 36 14
40 Nov/16 516 53
27 Jul/08 517 73
6 Nov/11 581 72
5 Mar/16 612 48
24 Abr/13 152 30
22 Jan/01 326 20
19 Set/15 430 88
19 Jan/00 844 7
17 Set/06 793 92
16 Dez/17 643 65
25 Jan/10 67 92
9 Mai/22 736 93
11 Jan/22 762 90
28 Set/11 872 36
27 Abr/20 474 1
7 Abr/01 766 19
28 Jun/26 90 87
38 Jan/19 437 99
15 Set/12 995 87
32 Mai/28 720 45
36 Dez/27 222 2
12 Nov/29 399 52
17 Mar/12 53 72
14 Mar/08 149 54
17 Abr/14 339 89
14 Jul/06 143 41
15 Mar/02 247 85
10 Jan/09 158 91
18 Abr/28 871 35
35 Jul/08 416 39
3 Set/01 569 78
15 Nov/14 523 47
14 Mar/28 703 72
29 Mar/02 603 2
30 Out/00 547 44
14 Set/20 438 65
12 Nov/06 576 86
34 Mar/09 869 30
33 Fev/08 795 29
25 Set/23 589 92
18 Nov/12 328 36
4 Fev/12 709 78
29 Set/24 977 28
27 Abr/12 26 56
25 Jan/28 948 45
24 Out/13 897 22
18 Dez/29 852 71
27 Dez/22 500 24
14 Jul/28 475 12
16 Mai/04 688 50
18 Nov/18 733 72
39 Dez/26 757 37
40 Jan/15 471 67
18 Abr/20 423 90
29 Out/13 41 97
37 Jan/00 228 86
22 Nov/10 961 35
17 Jan/10 694 94
4 Jul/20 641 53
9 Mai/26 123 77
1 Set/18 483 48
18 Ago/24 138 86
25 Ago/14 283 9
28 Set/02 240 62
12 Ago/22 989 7
30 Jul/23 795 46
2 Mar/08 288 69
2 Out/26 21 37
9 Abr/00 163 54
12 Abr/10 557 41
28 Abr/18 486 94
25 Jan/28 322 23
12 Nov/29 667 12
30 Jul/17 489 8
4 Dez/10 398 65
6 Jun/25 585 53
8 Jul/14 658 64
33 Jul/21 4 6
38 Mai/06 294 27
10 Fev/27 871 55
40 Set/01 758 45
24 Set/27 300 55
16 Nov/10 30 12
7 Jul/19 695 92
21 Fev/20 532 42
7 Mai/06 968 19
30 Mar/24 372 75
6 Mar/23 176 37
21 Jul/20 41 85
26 Out/19 455 34
29 Abr/28 721 74
18 Set/25 204 69
23 Nov/07 586 69
14 Ago/01 557 16
10 Abr/23 164 68
12 Jan/06 177 8
18 Nov/26 990 2
5 Fev/01 548 8
11 Set/13 853 50
7 Out/22 594 75
13 Jul/18 153 86
4 Abr/27 855 59
2 Mar/15 481 3
27 Mai/16 517 76
39 Jul/01 370 92
14 Dez/16 686 89
40 Nov/13 394 2
21 Jul/02 125 57
15 Jan/11 75 63
25 Nov/25 367 84
21 Ago/08 718 82
3 Ago/11 63 15
18 Abr/23 517 82
14 Mar/24 386 6
19 Nov/11 430 5
34 Set/22 191 46
10 Set/29 531 68
19 Mai/23 154 98
18 Mai/17 910 84
1 Nov/25 426 41
35 Abr/06 101 99
2 Fev/23 16 84
3 Out/08 977 7
6 Abr/24 843 32
30 Fev/26 325 39
1 Abr/20 506 15
32 Jan/26 556 96
6 Set/02 16 48
40 Jun/04 403 78
10 Dez/27 166 76
40 Mai/20 976 75
31 Out/22 308 8
2 Jun/03 99 55
3 Ago/04 305 67
21 Jul/18 67 61
40 Jul/29 333 12
1 Fev/25 379 61
21 Dez/03 549 35
15 Abr/28 110 59
21 Mar/15 742 59
38 Mai/07 232 43
15 Mar/06 12 73
25 Nov/25 894 6
38 Fev/24 180 95
13 Jan/17 872 72
34 Jan/02 208 83
26 Mai/21 557 30
31 Out/06 355 17
15 Mai/28 983 43
28 Ago/09 717 35
11 Dez/21 672 86
7 Mar/26 24 84
1 Mar/00 508 22
24 Jun/11 123 20
5 Mai/19 512 29
3 Fev/25 559 49
5 Jun/07 387 48
2 Mar/15 431 57
26 Mar/17 188 84
3 Dez/16 516 27
23 Ago/07 843 41
5 Out/13 105 87
33 Mai/22 243 84
17 Set/10 395 10
40 Nov/28 471 47
39 Jul/17 837 2
12 Jan/24 989 51
7 Set/29 707 70
20 Set/12 488 54
34 Ago/24 780 81
20 Mai/05 145 100
32 Jul/10 917 99
5 Out/24 311 19
19 Fev/14 579 100
25 Ago/18 741 10
28 Fev/23 407 96
39 Mar/21 629 14
12 Jun/18 416 15
29 Dez/21 188 20
22 Fev/09 845 75
4 Jul/23 549 45
36 Mar/01 314 95
8 Abr/01 57 92
15 Nov/25 404 97
24 Jul/20 14 81
36 Jan/06 368 30
19 Jan/07 815 30
19 Nov/16 24 84
37 Dez/22 684 74
25 Fev/26 470 65
8 Jul/17 403 72
25 Fev/03 54 7
14 Jun/19 774 81
15 Out/24 438 28
30 Jul/13 854 66
6 Nov/26 8 11
29 Jan/19 591 100
2 Set/28 531 78
16 Dez/23 765 13
32 Out/06 29 10
7 Jun/04 176 55
37 Jun/23 165 76
20 Jan/03 643 14
5 Fev/24 744 33
20 Dez/14 114 27
5 Jul/20 858 49
30 Mar/14 564 30
11 Fev/26 79 76
26 Jun/25 446 88
13 Mar/23 506 49
36 Mai/20 249 86
32 Jun/09 4 39
34 Mai/08 207 5
18 Mai/12 912 48
18 Out/03 545 30
26 Set/01 614 100
39 Set/24 756 52
14 Nov/26 725 26
14 Nov/09 525 88
13 Nov/11 526 54
12 Nov/04 905 9
7 Mar/21 534 11
27 Abr/23 929 52
10 Jul/00 924 70
37 Fev/13 276 6
7 Jun/23 388 35
16 Jun/23 159 24
36 Abr/03 378 22
35 Dez/15 163 70
11 Jun/03 313 1
23 Abr/11 605 31
28 Out/15 541 8
26 Abr/07 467 36
23 Dez/24 103 54
25 Set/10 668 32
12 Abr/26 706 70
12 Dez/18 288 47
30 Mai/03 259 48
14 Jun/03 281 46
37 Jan/19 916 38
22 Fev/12 826 26
12 Jun/15 124 77
8 Mar/09 214 60
3 Mai/15 257 45
8 Jan/19 388 100
6 Out/12 631 60
16 Ago/11 769 13
22 Jul/25 316 26
39 Mar/03 717 63
7 Dez/19 324 97
20 Jun/19 361 30
18 Jul/25 202 22
12 Jul/06 192 59
19 Abr/14 760 52
33 Jun/20 646 97
5 Ago/09 272 79
20 Out/01 582 2
21 Fev/11 259 96
21 Fev/27 360 82
13 Jan/09 657 3
9 Mai/02 273 91
19 Jul/02 729 86
3 Jun/18 100 78
33 Set/05 99 57
30 Nov/06 73 14
14 Set/11 915 61
25 Fev/06 669 6
6 Jan/00 128 97
20 Jan/15 169 16
29 Jan/03 37 14
27 Nov/17 894 59
2 Nov/16 255 38
25 Jul/27 961 9
33 Set/00 304 80
32 Set/29 779 86
33 Nov/26 178 13
6 Out/02 604 96
1 Out/23 743 71
10 Ago/26 511 35
5 Abr/13 96 57
38 Nov/09 33 91
29 Mai/21 140 50
23 Out/18 966 96
40 Fev/00 875 36
20 Set/06 3 50
21 Abr/27 826 91
28 Jan/15 978 98
19 Ago/08 89 78
36 Dez/03 539 79
1 Ago/05 507 16
39 Dez/06 40 44
24 Mai/01 77 67
39 Jul/22 859 21
33 Nov/02 242 37
19 Dez/03 691 37
9 Abr/18 173 64
17 Mar/22 787 23
36 Mai/01 767 68
7 Set/02 940 72
1 Jun/14 491 90
4 Mar/03 406 49
10 Jan/00 600 42
5 Set/23 858 16
8 Jan/27 47 12
13 Out/04 356 36
21 Nov/06 389 20
4 Out/09 950 64
2 Jan/20 961 12
20 Jan/16 215 35
18 Mai/18 833 75
32 Out/07 637 74
30 Set/07 849 63
22 Dez/24 688 63
35 Mai/23 765 45
31 Dez/09 825 15
1 Abr/24 913 96
37 Jul/26 481 57
29 Nov/05 102 20
36 Jun/29 574 95
18 Jul/02 288 100
4 Ago/17 611 92
28 Jun/14 205 46
14 Nov/24 167 67
6 Abr/02 791 73
5 Jun/16 8 95
28 Jun/15 628 39
39 Ago/15 432 12
11 Out/04 925 89
13 Mai/11 552 85
32 Set/27 677 20
32 Jan/13 395 79
7 Fev/29 660 5
37 Jun/23 30 78
38 Dez/16 509 80
34 Abr/13 710 17
25 Jun/16 860 17
25 Jun/29 433 19
39 Ago/14 179 75
28 Mar/29 889 7
4 Mai/28 413 61
3 Dez/29 502 16
9 Dez/18 940 82
34 Abr/16 931 58
33 Dez/24 623 60
6 Out/27 587 23
22 Ago/26 944 23
34 Out/21 44 62
12 Jun/20 141 50
37 Mar/23 83 72
36 Out/26 36 43
31 Ago/03 393 12
4 Set/16 395 56
36 Abr/19 646 13
5 Jul/07 39 58
32 Mar/23 93 54
13 Out/00 29 33
4 Jun/03 424 1
39 Dez/18 584 59
16 Jun/18 533 91
32 Jul/10 290 8
9 Dez/15 696 68
35 Dez/03 580 87
14 Jul/01 866 30
7 Jan/29 346 83
6 Nov/29 761 55
32 Fev/20 867 60
28 Set/15 833 79
36 Out/16 414 56
29 Jul/27 466 26
15 Mai/25 786 41
17 Jun/20 835 78
33 Jan/12 727 96
25 Set/04 128 16
38 Out/01 648 19
1 Abr/05 487 33
31 Nov/04 619 82
23 Jun/11 712 31
15 Mar/10 36 7
34 Jun/17 109 29
33 Jul/25 693 31
22 Jan/23 416 3
17 Abr/28 458 17
39 Mar/19 548 57
32 Mar/06 556 42
21 Out/07 341 66
12 Jul/12 619 4
23 Dez/18 251 29
31 Mar/11 945 7
19 Jul/19 428 12
31 Fev/01 420 81
29 Dez/15 49 43
31 Abr/03 428 46
38 Ago/19 395 54
20 Fev/02 29 15
7 Set/22 31 41
26 Nov/03 646 79
15 Set/09 95 80
16 Jul/11 234 95
9 Nov/11 298 64
17 Set/19 45 85
26 Out/05 111 2
21 Set/21 243 28
10 Jun/22 717 57
24 Ago/28 477 38
8 Jul/12 837 65
26 Mar/23 229 62
36 Mai/23 91 25
15 Set/20 884 79
39 Out/08 201 32
23 Dez/22 249 73
14 Dez/28 663 60
33 Fev/21 859 86
7 Nov/03 240 75
4 Set/00 122 12
11 Mar/12 997 55
23 Abr/18 530 6
13 Mai/10 79 24
25 Jul/05 97 57
26 Nov/27 992 28
11 Ago/10 771 8
2 Fev/22 491 78
22 Nov/12 834 9
38 Dez/23 956 55
16 Jul/29 43 77
27 Set/13 978 17
27 Nov/12 422 7
6 Set/01 420 49
7 Jan/06 38 1
8 Ago/17 753 2
38 Abr/22 18 16
20 Out/05 260 26
25 Mar/22 706 8
39 Jan/13 174 13
34 Ago/19 661 34
7 Mar/08 309 9
9 Mar/19 857 21
16 Mar/01 757 9
35 Dez/13 36 71
19 Abr/23 606 81
25 Jul/15 314 86
8 Ago/17 270 53
29 Mai/19 711 77
22 Fev/26 191 79
11 Fev/25 311 16
1 Nov/10 163 31
13 Mai/27 323 54
35 Jan/22 86 13
23 Abr/15 461 44
22 Out/02 788 10
13 Mai/27 847 35
33 Jun/00 516 76
34 Dez/25 657 95
2 Fev/13 933 73
3 Jul/01 369 28
35 Set/12 543 63
35 Fev/23 760 64
16 Ago/17 852 72
24 Nov/05 313 44
32 Jun/11 480 100
6 Jun/18 620 5
1 Dez/13 230 56
34 Abr/19 475 71
10 Out/15 252 61
34 Jan/12 732 14
12 Fev/01 777 42
4 Jun/23 72 38
17 Jan/22 237 12
5 Set/20 674 31
23 Nov/25 937 78
3 Abr/02 340 23
7 Mar/03 816 29
13 Jul/21 261 87
25 Dez/10 589 2
10 Jan/27 630 95
3 Out/04 799 99
31 Abr/21 567 31
10 Dez/20 641 95
29 Mai/09 813 47
24 Ago/01 78 20
18 Jul/26 878 69
7 Jul/24 852 96
31 Jul/15 23 44
5 Mar/23 176 43
11 Ago/20 837 80
25 Nov/07 690 53
14 Out/04 954 37
29 Jul/26 17 19
32 Mai/13 818 12
21 Ago/21 345 23
19 Mar/08 869 92
30 Set/24 507 68
23 Jun/23 103 100
11 Jun/15 246 91
21 Nov/16 14 25
5 Mar/14 196 51
30 Out/07 75 74
17 Mai/02 959 50
13 Dez/23 124 32
22 Mai/12 812 32
3 Set/21 889 72
39 Set/03 504 84
18 Jul/02 725 45
30 Dez/07 818 46
4 Nov/06 854 14
3 Abr/19 144 75
12 Mai/16 903 52
3 Jul/21 741 43
37 Jun/15 301 1
36 Out/21 819 75
35 Ago/12 656 13
1 Ago/22 549 18
23 Jun/23 156 76
9 Jun/21 968 7
7 Set/17 1000 4
29 Jun/22 170 20
13 Fev/03 694 23
33 Jun/24 618 84
15 Set/25 668 24
3 Fev/07 202 96
24 Out/17 841 83
26 Set/19 402 23
21 Fev/04 643 33
25 Abr/28 950 100
26 Set/12 351 41
21 Ago/26 65 73
38 Fev/20 658 56
12 Jun/05 627 62
21 Jun/17 72 8
39 Abr/11 144 54
21 Jan/22 546 64
8 Jun/23 890 49
27 Fev/08 540 62
39 Ago/03 970 21
14 Jan/05 231 13
2 Fev/14 162 94
5 Out/23 908 20
20 Out/15 534 17
21 Mar/29 969 55
8 Set/19 124 56
6 Nov/09 800 73
30 Mai/18 152 64
15 Jun/13 837 26
22 Set/28 228 97
31 Abr/24 359 14
2 Jun/13 215 13
30 Set/03 930 49
33 Jan/29 852 8
11 Abr/08 764 37
25 Out/13 422 24
7 Mar/17 671 21
13 Mar/12 538 77
10 Nov/11 301 83
24 Nov/05 581 38
29 Jan/07 33 38
8 Mai/22 103 33
32 Ago/20 77 68
39 Ago/02 640 20
37 Jul/13 816 30
7 Jun/24 465 45
29 Jun/06 674 57
12 Mai/00 605 19
2 Set/05 753 63
30 Ago/06 784 25
21 Jan/26 589 39
40 Set/11 231 71
33 Jun/12 443 88
26 Jan/05 714 51
24 Abr/17 623 72
6 Mai/01 47 87
12 Mai/04 956 96
18 Set/20 969 28
33 Nov/11 736 11
17 Fev/02 16 69
33 Nov/13 187 73
39 Dez/19 226 32
40 Jan/12 327 45
12 Ago/14 593 72
34 Mai/28 654 37
33 Jun/17 421 32
18 Jan/23 128 80
10 Jul/18 653 8
21 Ago/12 275 49
3 Set/22 618 34
30 Jul/29 823 39
6 Mar/04 828 22
19 Fev/01 593 84
36 Nov/07 880 81
8 Jun/17 144 6
18 Jun/05 234 31
27 Dez/26 278 94
6 Jul/27 478 96
32 Set/07 985 39
26 Mar/21 228 92
14 Abr/29 241 40
25 Nov/14 349 74
2 Abr/14 843 54
8 Jul/13 800 29
2 Nov/06 631 44
7 Fev/12 721 81
37 Out/18 279 18
40 Mai/14 284 61
33 Nov/29 73 16
23 Mai/15 846 5
30 Nov/13 861 100
27 Dez/03 636 82
2 Dez/26 922 62
28 Dez/28 503 79
20 Set/06 125 47
14 Jun/14 182 92
37 Abr/24 627 35
38 Ago/01 462 97
4 Mai/11 320 66
34 Mai/29 784 92
17 Ago/18 944 75
14 Ago/01 345 87
12 Out/21 646 60
4 Dez/07 934 43
16 Jul/23 259 73
19 Mar/09 881 82
10 Mar/17 264 93
13 Ago/22 31 90
15 Jan/28 686 13
18 Fev/17 123 99
37 Nov/23 421 28
9 Fev/01 591 6
40 Nov/00 659 23
16 Dez/25 665 27
8 Jun/00 263 75
1 Jan/21 572 8
9 Mar/13 917 43
24 Ago/03 584 58
20 Nov/16 540 95
2 Mar/17 764 67
29 Mar/04 215 38
33 Mar/18 546 10
5 Set/02 848 34
6 Nov/25 386 80
1 Mar/23 642 14
14 Jan/27 939 47
10 Set/29 128 19
17 Fev/00 215 59
30 Fev/26 689 99
22 Nov/09 942 58
40 Mai/24 726 55
19 Dez/27 133 81
35 Dez/16 455 51
5 Mai/02 79 5
29 Abr/04 394 71
11 Jun/10 612 87
10 Nov/04 45 55
23 Nov/28 480 88
39 Nov/19 765 87
8 Abr/14 599 98
8 Ago/19 63 65
10 Out/18 399 87
36 Abr/26 854 11
39 Jun/23 814 71
24 Mai/22 269 92
26 Fev/17 820 64
17 Jul/06 887 58
2 Jun/07 59 70
31 Mar/21 269 29
5 Mar/25 550 80
22 Mar/12 991 86
13 Fev/13 87 50
7 Nov/19 822 38
23 Mar/27 637 55
31 Nov/12 752 31
33 Mar/21 492 85
38 Fev/08 28 68
20 Dez/20 494 59
35 Dez/04 864 73
4 Jul/11 771 83
6 Mar/15 760 98
20 Ago/27 677 88
38 Abr/01 578 89
13 Jan/07 406 93
4 Jul/13 503 77
16 Out/00 492 75
8 Fev/12 772 49
9 Fev/25 421 24
35 Out/12 889 97
31 Mai/05 279 29
21 Mar/00 664 95
3 Mai/09 587 38
1 Nov/07 817 84
6 Nov/09 994 75
38 Set/11 237 93
14 Dez/23 935 57
15 Jun/13 953 76
2 Jan/26 895 50
21 Jul/28 677 36
11 Jul/00 157 93
27 Set/27 341 60
38 Nov/03 251 90
10 Out/20 527 91
40 Jun/01 773 69
39 Fev/28 790 40
1 Jul/16 911 65
27 Mai/18 709 91
5 Jan/08 330 75
9 Jan/01 215 48
30 Mar/26 513 23
5 Out/14 709 6
30 Mai/21 314 51
35 Ago/09 913 19
29 Out/08 403 73
38 Out/25 258 66
14 Nov/19 690 2
27 Mai/09 168 74
31 Jan/15 177 65
37 Mar/13 170 85
8 Jun/17 769 37
18 Mai/09 573 12
36 Ago/27 421 59
14 Jun/28 520 42
38 Mar/08 561 42
31 Mai/17 741 17
6 Jan/29 676 95
25 Ago/07 137 28
5 Nov/05 612 43
19 Out/18 207 86
29 Out/17 745 95
34 Mar/02 209 64
13 Fev/12 379 8
13 Mar/04 871 14
19 Set/29 703 16
9 Mai/06 965 94
35 Mar/13 959 36
37 Dez/22 559 52
40 Mai/05 705 83
25 Jan/24 776 92
40 Abr/04 354 73
11 Jun/19 651 58
21 Ago/12 723 95
10 Nov/06 960 97
34 Set/21 692 71
31 Abr/12 371 34
34 Set/15 704 87
33 Jul/06 536 29
24 Jun/07 689 28
32 Out/11 843 9
35 Jun/15 805 31
29 Jul/22 62 56
24 Ago/20 520 30
8 Mar/12 268 2
4 Set/04 738 12
34 Abr/17 581 98
2 Mar/10 171 94
36 Fev/05 705 61
3 Ago/06 134 64
7 Nov/12 506 90
36 Nov/26 884 94
30 Out/22 445 18
21 Nov/25 914 65
2 Jun/02 137 10
23 Jan/12 852 28
37 Abr/12 210 50
21 Dez/27 538 39
17 Nov/04 735 95
